2761
1545
1870
1468
1377
542
1189
607
1008
620
661
1088
824
749
1268
959
872
864
1145
1112
2117
546
1015
1017
1408
1726
1216
928
884
590
1047
1235
976
1291
1146
715
2006
813
760
1685
1095
1686
713
780
562
1028
643
1358
1094
1009
478
940
697
600
1144
640
465
832
721
440
760
1675
1189
970
860
1243
1166
1641
1164
830
1309
1558
1870
611
597
404
412
873
1030
918
875
1104
877
602
782
892
640
620
796
926
938
1332
900
973
752
503
949
684
843
729
1142
930
1354
765
1340
573
281
868
875
855
711
1086
918
918
856
934
448
1399
347
1251
1286
971
1810
1109
928
728
927
962
715
727
770
881
551
580
483
1337
636
771
802
445
647
801
355
1348
635
730
694
708
959
608
1350
859
529
955
954
928
1309
733
957
691
807
894
774
845
622
806
464
988
955
622
1080
1002
940
585
519
812
765
804
550
465
942
730
738
622
1209
458
1197
723
870
385
782
1296
353
966
601
763
516
842
1507
971
1113
700
1101
716
791
921
686
460
748
1016
873
1075
607
901
591
738
491
617
536
1125
1040
643
860
904
1127
708
883
720
555
769
815
537
1170
987
947
878
944
1071
716
730
781
776
1003
1295
884
784
613
964
890
1936
1107
476
807
828
1040
1260
644
824
793
659
433
719
1108
991
751
420
342
520
1101
1815
586
671
777
777
673
751
377
772
828
427
875
447
901
538
607
843
996
845
911
859
1365
447
541
1030
1007
410
972
677
670
423
714
790
931
911
801
590
442
807
753
702
731
1084
1228
781
928
1038
436
754
949
704
572
768
1047
1159
1162
722
836
938
663
746
1113
1226
478
624
949
897
1039
368
425
720
441
723
817
1262
863
1063
661
453
977
688
1219
1279
477
581
892
981
943
637
723
504
365
631
664
577
970
1703
901
912
1155
429
1048
997
664
675
445
826
904
1135
1345
856
685
852
1128
444
1401
354
728
437
946
741
646
803
930
976
462
1039
859
546
1526
635
673
701
920
466
916
588
1228
648
633
1169
365
1635
850
814
787
446
956
772
646
1074
831
447
624
905
1192
768
833
696
1161
963
351
1055
906
404
1106
518
452
784
1059
698
424
991
678
863
468
1341
1041
949
873
754
1635
1073
672
859
440
364
515
1135
690
917
753
566
805
734
1577
640
468
1240
556
855
1224
913
355
593
893
1013
845
1350
769
550
665
873
808
434
1122
761
368
691
728
758
615
560
1280
898
961
842
534
833
916
686
