1845
115
185
1634
171
259
783
261
171
474
84
456
163
182
421
450
505
153
76
499
154
379
552
411
401
418
460
164
151
183
260
259
153
154
358
426
443
373
501
444
284
378
78
372
275
734
378
449
381
80
606
417
562
348
166
522
446
240
6117
271
512
165
497
438
533
433
475
239
248
891
541
168
1245
362
265
154
266
560
415
153
540
161
420
172
152
151
842
367
455
400
926
449
165
245
458
347
461
360
336
165
429
441
393
363
357
474
342
334
417
417
372
369
241
345
408
369
160
390
162
3604
372
2162
2684
2854
2493
2462
2500
4709
480
242
178
164
354
76
422
2431
175
2400
175
2356
85
2816
404
2469
259
346
164
243
654
2465
2543
2853
2404
87
2115
2413
90
184
2442
290
2455
84
427
452
241
2048
198
2541
2491
296
162
629
2466
213
2531
2989
2401
216
253
2484
1064
2436
2422
2557
2400
2415
2460
390
2397
2677
310
158
163
503
2467
207
268
2423
88
2210
513
2500
2244
2434
2072
328
2613
327
2756
294
77
2416
182
2100
260
2653
2515
295
169
2404
2416
220
82
2448
2376
222
2047
2360
2435
234
479
2531
2383
2523
653
2735
86
82
2371
1989
258
2017
368
77
455
79
2465
218
360
2159
89
2822
2574
2460
184
252
451
76
2099
30257
2577
431
2060
2642
2902
2011
284
254
507
321
343
78
2633
220
166
2076
85
2650
251
164
80
2398
2276
403
2453
600
2983
291
2413
2420
2460
400
2297
2873
255
2393
2283
2358
2056
2518
684
2503
1262
379
264
367
2098
10704
237
240
496
355
5328
414
2293
2361
2272
1102
165
2529
272
432
2406
2245
2286
391
164
163
2356
469
344
2424
83
2012
2340
2147
2298
2003
178
2281
2361
2312
2195
2314
268
430
434
2435
84
365
338
2059
83
269
261
74
164
345
2364
211
250
167
2557
2645
260
74
164
341
346
238
236
163
2797
2256
491
2000
2674
509
2439
2006
259
2356
4979
215
171
2253
735
2054
84
2285
2470
2366
2295
448
4745
219
462
168
2126
2485
257
346
4361
403
2183
2288
2380
299
239
166
164
165
77
2439
2079
598
2167
2504
2158
534
2036
212
2520
2405
2319
2573
2339
2318
2346
2178
2171
2348
2197
2266
2001
2360
257
74
290
337
166
2472
257
2236
2207
108
2302
2287
2106
2235
258
2100
2289
388
2392
2342
2233
1972
2383
302
164
2242
209
2395
2487
2399
2367
4303
2312
2845
176
242
2067
2303
406
165
2083
101
358
344
345
76
2438
213
243
76
2499
2656
2327
218
243
243
236
234
239
2454
2422
222
2666
311
2350
88
438
2244
178
2272
266
235
2149
2250
173
2162
366
2764
2279
2247
1412
583
2523
2221
2377
2290
2438
2318
84
75
2331
2297
438
2376
2452
260
354
164
2356
219
243
2186
475
75
243
164
2157
2029
565
2351
7616
463
75
2406
293
76
161
356
2425
2160
2641
629
4420
4198
267
2331
2205
393
2127
214
168
431
240
2266
269
2284
2038
85
362
2440
2347
295
243
343
2082
85
257
2364
465
2069
2715
93
2476
224
2060
475
239
2391
2154
220
2473
2277
2069
404
2348
526
352
2426
2347
2582
2021
96
2226
320
243
2345
2401
2962
90
2046
174
2294
2432
224
2312
88
2893
2302
477
2509
1017
2061
2426
2247
93
177
82
311
75
2474
306
168
297
165
2339
108
75
2336
521
166
4985
2594
2153
2444
834
2274
2192
2028
93
2295
441
2036
256
649
2057
2272
2160
2340
2410
230
256
245
2365
2419
571
346
2538
505
253
351
349
347
78
352
346
77
243
165
547
2288
271
162
369
360
238
2423
87
259
164
2345
2298
523
166
2325
262
2294
88
2384
257
240
2783
104
180
2247
256
2059
180
1028
775
165
2170
2350
2308
104
2433
217
307
76
2447
290
2439
311
242
2374
177
2259
255
2776
2228
212
2141
2222
2259
2421
397
2601
4352
293
72
346
162
2192
479
2047
250
72
18546
565
3092
206
2106
2021
366
353
350
2372
360
2361
258
2393
180
169
183
2761
805
3737
366
3126
3021
321
2814
3237
272
2018
257
3113
271
2499
361
74
2858
2043
2835
392
2304
2427
2557
2462
269
2630
2175
301
73
73
2511
231
471
2519
268
2488
2284
93
475
281
2269
2381
10721
737
363
2157
2372
2366
2401
305
76
2059
2838
2727
667
471
340
2412
365
165
4992
2320
201
2310
2424
435
2365
2324
2410
405
164
242
467
76
2624
2246
2353
2310
363
2147
2439
220
73
2078
178
2049
2434
215
2341
2046
480
448
2536
2296
516
2734
266
2339
174
2494
2230
2094
2376
394
2367
2230
2446
335
4534
3246
270
163
167
344
3145
2497
5799
298
343
76
237
262
3651
2770
3043
302
75
2506
2754
2127
257
168
5395
2235
2454
4533
2102
429
2224
2221
178
168
481
589
2326
90
2451
396
2490
414
418
75
252
240
1399
2561
191
2315
2584
2203
2103
305
2822
2177
179
3424
450
73
242
2580
2137
2751
3019
2612
110
257
3407
2591
182
574
252
2188
454
2163
2571
2687
2560
329
162
747
328
241
76
164
346
2563
2489
2418
2510
437
2284
421
2146
2533
2474
220
2345
2352
2028
109
176
2924
182
165
245
2509
360
2962
183
2555
271
5597
359
361
348
2917
2448
2199
2323
2510
