37649
7031
3635
3034
4563
2987
3074
2565
2835
2840
3109
3092
3033
2556
3036
2872
3138
2844
2540
3377
3062
2951
2767
2709
3251
2721
3215
2910
2948
2738
2919
2834
2974
3030
2807
2808
2789
2703
2831
2911
2968
3013
2794
2854
3176
3153
3003
2948
2802
2984
2950
2820
2724
2847
2805
2938
2942
2755
3071
2866
2910
3267
2509
3121
2995
2988
2518
3086
2884
2862
2760
3187
2998
2709
2736
2773
2977
2955
3067
2765
2536
2880
2723
2921
2815
2866
2867
3121
2700
2953
2654
2957
2864
2778
2777
2916
2923
2871
2687
2810
9772
2984
4673
3014
2932
2939
3013
2956
2763
3181
2874
3414
2851
2809
3021
2724
2827
2943
2772
2854
2830
3016
2902
2756
2966
2868
2826
2864
2880
2901
3098
3080
2964
3099
2958
2923
3696
2989
2722
2906
2737
2960
2833
2927
2960
2816
2888
2811
2771
3111
3162
3131
2671
3022
2926
2885
3283
3055
3051
3137
3037
3266
2998
2862
2895
2887
2971
2737
2763
2694
2958
2851
2937
2666
2890
2904
3097
3034
2911
2885
2984
3110
2751
2940
2955
3091
2878
3032
3143
3016
2798
2768
2621
2882
2923
2913
3064
2906
2965
3225
2980
3130
2825
4047
3604
2777
3123
3119
2942
2859
2908
3081
2709
3216
2877
3000
2833
2843
2793
2965
2896
2821
3031
2747
2856
2937
3092
2621
2854
3093
3007
3148
2773
2875
2898
2646
2838
2734
2869
2716
2729
2713
2782
2880
2637
2906
2693
2959
2911
2738
2892
2622
2952
2606
2843
2546
3000
2707
3061
2891
2837
2695
3116
2845
2647
2864
2845
3203
2969
3012
2922
3114
3004
2842
2789
2750
3281
2958
2753
2943
2865
2716
2657
2916
3019
3063
2771
3036
2687
2622
2890
2815
2742
2974
2752
2714
3095
2593
2607
2863
3624
3019
2888
2654
2779
2717
2772
3054
2852
2768
2823
2694
2733
2978
2890
2799
2574
3106
2943
3738
2908
3315
2721
2644
2966
2896
3154
2716
2661
2700
2716
2956
2863
2940
2657
2722
2860
2947
3150
2822
2822
2887
3058
2822
2997
2908
2842
2665
3008
2835
2836
2828
2765
2811
3216
2922
2674
2658
3062
3051
3028
2895
3400
2848
2894
3170
2614
2759
2744
2699
2731
2792
3038
3009
2824
2973
3080
2974
2953
2839
2859
2887
2699
3100
2724
2633
2857
2996
2662
2938
2835
2657
2860
2597
3179
2683
3389
3420
2917
2793
3300
2814
2903
2833
2707
2871
2681
2858
2702
2794
2911
3252
2822
2825
2965
3140
3035
3103
2822
2842
2771
2770
2929
2734
2668
2833
2992
3155
2764
2664
3063
2923
3072
2759
3114
3110
2852
2717
2697
2734
2900
2987
3033
3023
2538
3171
2898
3065
2648
2782
2983
2770
2817
2712
2907
2861
2625
2821
2864
2759
2742
2935
2728
3033
2737
2703
2738
3149
2788
2835
2885
2935
3025
3092
2972
2685
2750
2887
2769
2716
2921
2558
2866
3208
2695
2872
3025
2711
2751
2888
2981
2736
2568
2865
2808
3159
3027
2752
2907
2934
3076
2951
3256
3318
2787
3514
2620
3138
3232
2879
2989
2864
2651
3077
2963
3011
2679
2817
2860
2920
2984
3098
2845
2608
2751
2832
2629
2878
3120
2870
3045
2633
2835
2748
2710
2658
3295
2907
2718
2771
2631
2871
3144
2886
3002
3211
2608
2900
2641
2957
2816
3095
3477
2845
2698
3006
2792
2777
2730
2855
2646
3143
2817
2805
3033
3022
2714
3126
2712
2844
3622
2969
2930
2833
7176
3160
2630
2943
2870
2856
2947
2951
2865
2527
3235
2762
2756
2735
3132
3027
2950
2874
2905
2815
3014
2749
3143
2620
2858
2828
2582
3099
2794
2776
2997
2543
2856
2587
2934
2770
3830
3106
2939
3048
2724
3239
3109
3026
4457
2614
3106
3557
2971
2670
2824
3068
2892
2720
2712
2957
3029
2928
2943
2968
3253
2837
3231
3069
3129
3028
2884
2860
3122
3050
2795
3632
2995
2995
2873
2559
3044
2788
3055
3078
3031
2865
2732
3009
3112
2912
2833
3085
2728
3383
2710
2852
3229
2741
2815
2992
2585
2952
3018
3022
2759
2865
2868
2850
3093
3246
2647
2816
2772
3004
2824
3017
3073
2875
2650
2747
2848
2907
3021
2714
2789
3164
2834
2938
2969
3425
3375
2892
2992
2946
2912
2792
2633
2879
2651
2781
3126
3028
2691
2979
2815
2745
3061
2937
3093
2904
2797
3453
3173
2709
2676
2900
2857
3212
2584
3014
2922
3041
2897
2998
2915
2921
2754
2607
2986
3214
2777
2902
2916
2974
2869
2812
2861
2786
2581
2873
3050
2799
2790
2730
3188
3030
3285
3358
2997
2944
2806
2688
2684
3143
2669
2830
2898
2780
3179
2557
3066
2937
2658
2642
2786
2804
2898
2681
2687
2734
3169
2522
2827
2826
2838
2798
3046
2868
2789
2766
2764
2669
2903
2546
3061
3118
3153
4392
2842
2915
2828
2899
3334
3298
3046
2787
2794
2658
3093
2778
2964
3078
3515
2927
2689
2615
2861
3077
2649
2736
6561
3223
2900
3060
2788
2717
2787
2994
2569
2813
2829
2751
2802
2842
3031
2646
2965
2557
2818
2946
2849
2686
2869
2675
2722
2810
2886
2666
2787
2755
2572
3085
3053
2648
2877
2981
2908
2801
2801
2832
2730
2819
3027
3090
2864
2736
2819
2937
2678
2813
2860
2827
2561
2947
2804
2669
2839
3038
2703
3163
3070
2511
2981
2994
2790
3171
3064
2838
2972
2670
2846
3120
2843
2847
2843
2844
2960
3224
2696
3051
4189
2835
2725
2927
3230
3017
2645
2784
3009
2755
2817
3043
2699
2584
2774
2962
2884
2817
2840
2559
3100
3884
2721
2886
2974
2774
2673
2952
2926
2805
2752
2798
2961
2873
2536
2713
2510
3144
3212
2753
2748
2869
3128
3062
2776
2663
2852
2854
2982
2663
2712
3461
2901
2830
2985
2930
2836
3116
2720
2843
3100
2811
2738
2784
2771
2746
3044
2950
2684
3020
2708
2826
2956
2947
2772
2768
2610
2937
2966
2603
3062
2798
2812
2616
2968
2694
2999
2932
2625
3066
2783
3011
2910
3885
3050
2802
2930
2715
2896
2938
3094
2535
2881
2970
2525
3060
2795
2735
2683
2847
2889
2809
2796
2982
3084
2575
2846
2703
3038
2979
2523
2692
2956
2696
2712
2883
3026
3911
2678
2872
2837
2886
2816
2851
2777
2953
2580
3094
2950
3033
2884
2888
2976
2863
2489
2670
2704
2857
3028
2681
2824
2807
2879
2786
2614
2814
2836
2714
2571
2709
2811
2666
2763
2556
2904
2622
2675
2718
3089
2752
2810
3134
2529
2751
2765
2769
2852
2826
2963
2825
2642
2668
3065
2657
2859
2759
2884
2850
2979
2692
2997
2646
2801
2625
2884
2877
2843
2824
2959
3063
3059
2860
3000
2765
3148
2736
3297
3128
2931
2874
2845
2879
2724
2713
2876
3104
2703
3371
2832
2752
2993
2964
2931
3226
3914
2789
2680
2589
2707
2797
2751
2669
2932
2653
2890
2970
3126
3084
2592
2740
3104
2826
2766
2967
2945
3064
2807
2916
2644
2740
2722
2921
2855
2666
2639
2996
2847
2851
2700
2784
2864
2644
2873
3039
2943
3048
2717
2703
3023
2702
2950
2863
2748
3010
2674
2764
2687
3034
2700
2697
2926
2641
2795
2515
3012
2847
2825
2633
2994
2754
2702
2903
2520
3020
2546
3027
2762
3191
3031
2707
2853
2602
2916
2804
2668
2752
2640
2949
2836
4078
2797
2775
3002
2744
2603
3148
3121
3078
2490
2711
2796
2724
2694
2937
3022
2971
2932
2882
2822
2973
2809
2631
2897
2747
2852
2720
3415
2950
3230
2655
2840
2836
3128
2882
2928
2618
3122
2483
2847
2934
2783
2647
3585
2839
2873
2530
3005
2826
3092
2709
2857
2973
2816
2972
2841
2773
2984
2876
2799
2714
3324
2940
2989
3027
2918
2764
3004
2791
2917
2914
2646
2980
2870
2547
2716
3287
2874
2664
2817
2804
3271
3128
2500
2948
2535
2954
2896
2872
3082
3069
2595
2713
2838
3390
2969
3085
2997
2626
3122
2878
3101
2686
2817
2987
2553
3089
2877
2645
2495
3083
2911
2984
2777
2646
2979
2889
2793
2875
3697
2884
3121
2905
2558
2842
2720
2813
2652
3038
3014
3070
2850
3005
2876
3125
2471
2886
2929
2973
2577
2943
3309
2817
2720
2635
3269
2865
2745
3099
2794
2904
2905
2748
2581
3001
2792
3003
2889
3038
2857
2706
2819
2643
2630
2807
2685
2785
2933
2645
3001
2851
2585
2793
2495
2872
2767
2793
2768
2780
2992
2673
2679
2954
2690
2839
2789
2629
3039
2754
2727
2711
2814
2874
2775
2644
2546
2869
2829
3086
2914
3239
2914
3344
2598
3085
2782
2683
2853
3390
2812
2606
2934
2831
3088
2674
2909
2790
2675
3475
2846
2874
2695
3071
2566
3052
3573
3133
2808
3084
3017
3555
2529
3172
2756
2678
2860
2819
2608
3155
2723
3105
2647
2832
2989
3004
2644
2717
2767
2658
3885
2874
3015
3287
2908
2868
2887
2995
2805
3107
2982
2983
2917
3353
3054
2679
2782
2824
2830
2744
3015
2692
3093
2884
2581
2944
2674
2919
2991
3027
2623
2876
2986
2831
3091
2897
2630
2914
2729
2760
2977
2912
2940
2950
2846
2939
3925
2558
3051
2748
2551
2954
2650
2681
3030
3037
2874
2811
2752
2812
2824
2640
2893
2878
2606
3096
2834
2859
2771
2788
2683
2800
2817
2616
2786
2578
2842
3206
2671
3173
2742
3141
2792
3007
2730
2850
2793
2757
2752
2699
3124
2814
2950
2846
2919
2987
2998
3223
2972
2701
3438
2868
2999
2812
2825
3047
2716
2878
3246
2861
2729
2940
2773
2776
2749
2691
2829
2722
2914
2811
2748
2731
2830
2864
2903
2905
2887
2766
2964
2909
3246
2650
2808
2505
2818
3115
2516
2971
3054
2688
2620
2843
2888
2945
2777
2608
2894
2778
3193
2758
2707
2910
2712
2743
2955
2747
2956
2711
2628
3381
3132
2894
2752
2892
2643
2752
2799
2988
2636
2742
2904
2836
2885
2676
2694
2920
3067
2675
3284
3209
2952
5268
3108
3066
2762
2705
2830
2785
2658
3019
2601
2673
2835
2712
2991
2651
3498
3056
2757
2725
2889
2891
2743
2804
2847
2861
3088
2809
3160
2813
2858
2829
2615
2891
2796
2890
2708
2694
3025
2973
2870
2967
2642
2798
2626
2908
2883
2736
2603
2814
2786
2913
2781
2668
2705
2826
2842
2609
2740
2817
2575
2864
3036
2806
2726
2603
2603
2568
3087
2873
2760
2900
2924
2701
2664
2701
2872
3022
2623
2860
2643
2822
3066
2867
2806
2466
2983
2645
2849
2777
2556
2990
2836
2921
2629
2691
2553
5179
2581
3163
2698
3112
3204
2649
2942
2645
3862
2754
2899
2776
2823
3007
2739
2911
2822
2832
2648
2646
2940
2935
2808
2857
2908
2686
2852
2927
2827
2913
2967
2829
2792
2796
2891
2663
2778
2779
2767
2728
2878
2776
2997
2794
2822
2885
3053
2683
2985
2832
2544
2940
2970
2698
2718
3186
3053
2774
2561
2805
2659
2735
2839
2906
2826
2609
3432
2929
2880
2828
3049
2513
2823
2786
2759
3031
2925
2632
2839
3218
3011
2848
2857
3009
2761
2655
2742
3018
2731
2890
2733
2614
2618
2961
3065
2662
2878
2877
2520
2864
2825
2843
2926
3516
2739
3026
2529
3722
2719
4057
2966
2740
2711
2574
2771
2888
2584
3458
2850
2997
2493
2656
2960
2772
2782
2941
2687
2771
2852
2758
2555
2722
2563
2803
3345
2630
3106
2510
2739
2678
2777
2735
3012
2883
2710
2490
2900
2713
3068
2898
2739
2827
2794
2474
2766
2802
2821
2802
2815
2921
2647
2911
2811
2656
2856
2653
2896
3012
3147
2820
2832
2888
2475
2846
3240
2625
2783
2719
2882
2674
3127
2852
2888
2795
2658
2972
2875
2905
2864
2795
2478
2659
2934
2855
2864
2652
2923
2611
2905
2578
2904
2571
2677
2705
3165
2507
3549
2870
3074
3685
2759
2916
3083
2690
2836
3011
2661
3135
2814
2754
2899
2828
2984
3122
2754
2660
2843
2745
2779
2731
2975
3133
3024
2605
2758
2916
3106
2612
2850
3874
2654
2619
2813
2841
2825
2994
2941
4051
2953
2856
2474
3074
2932
2548
2913
3719
2826
5121
3226
2742
2684
2658
2931
2687
2762
2830
2655
2790
2585
3099
2558
2611
2947
2805
2705
2618
2846
2897
2507
2928
2841
2789
2868
2467
2776
2711
2711
2795
2894
2589
2837
2725
2559
2717
3155
2625
3431
4013
2949
2928
3447
2952
2702
2796
2766
2882
2642
2907
2722
3020
2823
2915
2716
3057
2832
2888
3186
2606
3278
2660
2662
2975
2778
2776
2617
2784
2768
2990
2754
2851
2771
2882
2510
2816
2627
2495
2918
2762
2931
2976
3175
2786
2877
2614
2867
2773
2712
2746
2789
3235
2882
2925
3015
3016
2575
2724
2851
2481
2845
2624
3075
2941
2789
2851
2663
2938
2766
2845
2617
2652
2641
2607
3011
2831
2978
2766
2934
3181
2835
2795
2622
2826
2939
2732
2929
2548
2716
2621
2783
3341
2704
2856
2468
2581
2747
3160
3057
2966
2608
2631
2580
2684
2880
3155
2718
2733
2783
2831
2721
3016
2698
2617
3787
2998
2897
3441
3208
2634
2820
2650
3373
2462
2761
2750
2816
3208
2965
2946
2664
2833
2680
2635
3012
2848
2708
2625
3112
2571
2775
2666
2880
3105
2763
2860
2725
3057
2651
2960
2686
2678
2587
3017
2736
2922
2781
2482
2793
2618
3135
3070
2945
2740
2770
2594
2643
2850
2788
2779
2692
2761
2684
2623
2867
2684
2852
2748
2876
2771
3117
2783
3103
2700
3048
2811
2782
2782
2774
2665
3009
3587
2881
2620
3005
2622
2764
2898
3109
2660
2831
2449
3054
3095
2633
2761
2869
2756
3037
2707
3168
2671
2463
2914
2587
2651
3026
2828
2829
2816
2739
2697
2761
2618
2731
2608
2958
2772
2917
2780
2843
2599
3006
2638
2769
4052
3312
2922
2922
2760
2822
2609
2689
2777
2824
2948
2700
2945
2960
2900
2585
2964
2466
2949
2934
2815
2616
2681
2746
2742
2587
2721
2591
2686
2547
2708
2720
2881
2730
3083
2565
4272
2844
3353
2614
2752
2675
2767
2769
2515
2827
2675
2754
2890
2622
2823
2764
2850
2730
3031
2765
2910
2842
2945
2969
2745
2735
2482
2798
2873
2753
2866
2863
2661
2611
2760
2860
2567
2898
2913
2782
2800
2616
2638
2681
2857
2772
2835
2538
2766
2659
2655
2560
2674
2944
2939
2714
2950
2866
2810
2887
2942
2491
2915
2794
2757
2576
2583
2694
2803
2556
3000
2919
2834
2791
2759
2838
3231
2890
2478
2702
2707
2444
2957
2537
2963
2831
2607
2479
2571
2799
3583
2780
2515
2958
2851
3490
2821
2901
2944
3728
2621
2944
2986
2543
3360
2780
2837
2774
2857
2818
2816
2944
2726
2765
2808
2927
2800
2860
2974
3027
2731
2698
3014
2830
2925
2679
2826
2757
2754
2628
2807
2933
2944
3184
2627
2395
2894
2809
2871
3423
3196
2874
2590
2675
2817
2829
2505
2917
2700
3055
2982
2492
3034
5305
3237
3401
2796
2864
2746
3078
2647
2748
2801
2632
2935
3275
2883
2564
2909
2672
2646
2713
2969
2597
2707
3524
2819
2943
2968
2899
2564
2662
2768
3024
2919
2793
2917
2993
2587
2710
3373
3197
2686
3457
2785
2924
2876
2587
2856
2645
2900
2884
2596
2785
2928
2683
2725
2932
2711
2819
3073
2623
2727
2951
2790
3028
2660
2822
2964
2525
2954
2783
2593
2775
2750
2949
2896
2657
2627
2889
2885
2822
2582
2825
2649
2884
2587
2591
2951
2756
2613
2653
3187
3097
2725
2795
2967
2556
2927
2571
3009
2688
2797
2417
2827
2631
2744
2787
2724
2788
2758
2704
2562
2745
2889
2597
2605
3354
2571
3126
2735
2510
3359
2956
2447
2618
2626
3053
2886
3039
2814
2745
2793
2654
2629
2748
2858
2459
2752
2644
3537
2887
2719
2784
2448
2614
2767
2760
2697
2904
3348
2997
2616
2577
2622
3033
2976
3354
2848
2737
3116
2926
2929
2870
3186
2850
2576
2969
2621
2653
2652
2617
2674
2738
2594
2782
2754
2652
2587
2846
2681
2723
2712
2938
2787
2696
2846
2606
2795
2485
2713
2715
2556
2745
2841
2939
2830
2736
2615
2717
2811
2785
2668
2459
3020
2640
2714
2663
2488
2885
3290
2614
2741
2824
3196
2537
4062
2660
2521
3000
3148
2847
2785
2520
2699
2760
2986
2694
2853
2595
2926
2620
2682
2747
2909
2918
2727
2810
2649
2605
2628
2856
2897
2896
2783
2821
2499
2861
2500
2673
2651
2695
2517
2630
2693
2998
2833
2747
2702
2736
2618
2520
3027
2658
2647
2705
2858
2618
2906
2821
2626
2810
2941
2507
3264
3557
2873
2749
2609
2880
2826
3075
3149
2793
2792
2894
2769
2587
2582
2767
2767
2780
2735
2841
2573
2658
2558
2701
2601
2768
2681
2530
2735
2679
2924
2709
3011
3180
2761
2887
2576
2642
2707
2657
3066
3078
2775
2759
2841
2686
2810
2831
2983
3131
2574
2628
2615
2815
2577
2896
2965
2771
2790
2952
3166
2715
2617
2838
2619
2763
2724
2733
2908
2913
2898
3019
2984
3217
2787
2433
3254
2787
2717
2563
2592
2696
2796
3366
2914
2988
2911
2845
2673
2906
3091
2496
2891
2733
2691
2975
2593
2615
3069
3150
3249
2850
2681
2730
2787
2822
2768
2828
3212
2486
2797
2785
2644
3055
2886
2804
2553
3068
2672
2815
2627
2883
3210
2630
2957
2777
2775
2793
2749
2570
2747
2784
2734
2567
2870
2710
2907
2575
2716
2577
2757
2892
2594
2717
2583
2844
2748
2720
2595
2933
2831
2905
2659
2922
2840
3113
2706
2522
2683
2894
3197
2685
2788
2628
2679
2768
2807
2769
2768
2533
2609
2677
2740
2447
2811
2454
2915
2702
2963
2668
2727
2711
2831
2791
2693
2804
2731
2694
2706
2917
2725
3100
2495
3254
2670
2762
2713
2724
2530
3388
3002
2767
2591
2834
2942
2849
2876
2991
2921
2945
2819
2510
2896
3039
2634
2840
2776
3157
3963
2564
3022
2920
2833
2812
2719
2563
2727
2707
2594
3328
2827
2826
2908
2730
2759
2503
2654
2883
2804
2745
2578
2718
2759
2938
2756
2718
2586
2870
2675
2842
2740
2608
2954
2744
2645
2646
2741
2637
2958
2554
2782
2660
2744
2628
2749
2958
2700
2775
2675
2490
2883
2700
2773
2503
2605
3147
2674
2634
2750
2634
2625
2791
2965
2802
3018
3094
2924
2757
3374
3651
2687
2824
2517
2786
2776
2841
3471
2856
2913
2844
2818
2662
2995
2857
2680
2750
2795
2931
2764
3324
3078
2563
2610
2891
2618
2537
2660
2794
2671
2484
2695
3187
2809
2826
2486
2912
2842
2871
2540
2821
2684
2459
3144
2629
2969
2488
2813
2635
2919
20636
2532
2663
2941
2588
2759
2661
2426
2693
2853
3283
2389
2609
2663
2693
2770
2830
2862
2709
2586
2736
2454
2510
2753
2818
2527
2512
2840
2762
2507
2649
2580
2893
2510
2558
2737
3023
2706
2850
2584
2685
2738
2869
3240
2853
2534
2565
2696
2836
2708
2508
2481
2890
2537
2709
2723
2647
2866
2785
2570
2476
2583
2723
2695
2607
2621
2520
2922
2657
3044
2760
2463
2574
2507
2709
2766
2959
2544
2585
2822
2720
2811
2570
2522
2767
2756
2550
2904
3826
2423
2791
2762
2596
2579
2689
2462
2822
2758
2879
2535
2466
2770
2947
2634
2579
3204
56831
13441
3404
2802
4816
3371
5204
3812
2885
3456
2857
2724
3415
3866
4290
4979
4890
3605
2994
4974
3520
2693
2973
2890
2619
2606
3131
2525
2929
3121
2816
4196
2518
2580
21987
8929
4056
5088
6340
4340
3867
4564
3682
3143
3505
4138
4059
3378
4321
3909
5142
5416
3501
4005
3965
4030
3218
3496
4530
3842
2923
3561
2717
3132
3462
3146
2705
2604
2468
2703
2689
2886
2664
2586
2663
3153
2671
2811
2752
2570
4304
2731
2537
2783
2846
2464
2779
2619
2570
2784
2989
2811
2687
2608
2826
2609
2384
2746
2959
3188
2727
2796
5662
4153
2700
2751
2561
2827
2793
2511
2537
2926
2802
2486
3664
2506
2734
3023
3120
2940
2733
2476
2520
2398
2635
2797
2911
2513
2693
3461
3158
2512
3088
2859
2757
2529
2706
2590
3526
2706
2844
2889
2668
2681
2695
2501
2682
2633
2719
2617
2581
3017
2625
2958
3255
3106
2923
2476
2794
3051
2671
2713
2628
20307
2785
2667
3029
2567
2837
2645
2803
2961
2949
2877
2759
2884
3014
2500
2869
2834
2463
3035
3092
2799
2849
2661
2726
3064
2614
2961
2909
2924
3281
2568
2627
2762
2666
2750
2570
2799
3087
5392
2838
3032
2768
2505
3037
3012
2847
2584
2944
2624
2657
2548
2689
3338
2801
2834
2629
2766
2758
2904
2676
2622
2852
3161
2732
2480
2755
2668
2677
2651
2742
2560
2665
2676
3405
2619
4563
2762
3328
2488
3069
2785
3047
2813
2617
3247
2581
2784
2564
2521
2462
2720
2693
2909
2942
2676
2753
2782
2680
2645
2547
2606
2694
2551
2533
2536
2844
3347
2519
3243
2741
2631
2529
2718
2693
2904
2733
2762
2617
3012
2619
2543
2589
2759
2749
2551
2826
2904
2782
2864
2957
2553
2662
2678
3101
2802
2712
2795
2865
2462
2820
2657
2976
2689
2713
2990
2916
2773
2885
2777
2628
2832
2833
3183
2756
3009
2886
2574
3231
2607
2750
3095
2701
2888
3052
2975
2694
3725
3251
3188
2786
2561
3070
2591
2636
2875
2814
2835
2639
2855
2667
3081
2847
3036
2840
2581
3174
2654
2904
2600
2928
3287
2574
2594
2763
2837
3034
2864
2764
2428
2891
2523
2509
2714
2830
2622
2765
2845
2727
2670
3184
3006
2952
3037
2668
2683
2788
2554
2507
2946
2557
2489
2797
2621
2875
2652
2818
2715
2568
2593
3187
2617
2795
2672
2557
2557
2574
2941
2831
2743
2570
3163
2952
2666
3007
2722
2479
2876
2700
2674
3004
2930
2508
2610
2661
2737
5835
5165
2980
2634
2672
2666
3039
2854
2961
2629
2861
2914
2892
3813
3024
2998
3042
2903
3251
2764
2650
2818
2879
2837
2683
2890
4057
3472
3064
2790
2859
2599
2512
2897
2618
2933
2604
2998
2936
2922
2930
2998
2753
2657
2936
2637
2779
2778
2816
2941
2696
3385
2801
2828
2661
2522
2738
2975
2625
2888
3752
2634
2830
2783
2982
2942
2698
2592
2891
3127
2949
3334
2791
2807
2715
2556
2796
2624
19559
2939
3091
2534
2645
2522
3071
2897
2944
2761
2603
2541
2677
2940
2690
2518
3624
3283
3308
2815
3216
2690
2594
2675
2596
2627
2739
2735
2678
2614
2664
2818
3527
2560
2753
3320
2699
2936
2911
2602
3087
2462
3463
2640
2576
2503
3544
2746
2907
2704
2725
2903
3031
2651
2493
2543
2852
2526
2846
2735
2865
2786
2600
2513
2634
3020
3109
2789
2577
2814
2545
2492
2555
2625
2927
2668
2817
2739
2938
2553
2898
2894
2744
2814
2568
2887
2587
2710
2528
2522
2635
2723
2672
2569
2720
2375
2494
2696
2547
2488
2568
2441
2728
2542
2526
2432
2675
2590
3051
2472
2511
2904
2466
2967
2577
2686
2897
2709
2468
3384
2563
2439
2641
2631
3189
2679
3120
2457
2564
2799
4202
2726
2538
3073
3048
2947
2547
3261
2510
2389
2677
3072
2593
2532
2724
2737
2773
2527
2516
2750
2768
2739
2571
2801
2469
2704
2691
2542
2638
2800
2729
2437
2815
2533
2642
2871
2523
2895
2892
2442
2525
3038
2548
2635
2702
2913
2802
2752
2516
2866
2457
2619
2741
2742
2604
2468
2680
2853
2660
2688
2953
2719
2704
2573
2554
2678
2772
2635
2694
2520
2586
3134
2890
2493
2837
2690
2324
2721
2643
2755
2845
3419
2463
3360
2878
2600
2662
2929
3929
2875
2595
2742
2715
2491
2606
2520
2768
2562
2566
2737
3050
2674
2778
2785
2639
2555
2606
2702
2549
2628
2896
2920
2562
3023
2803
2643
2720
2942
2442
2548
2672
2819
2793
2821
2523
2809
2483
2678
2523
2727
2675
2667
2798
2712
2777
2660
2667
2613
2661
3056
2369
2652
2917
2736
2792
2534
2667
2573
2773
2725
2652
2706
2568
2906
2558
2712
2462
2592
2758
2715
2497
2779
2410
2967
2532
3065
2805
2471
2617
2993
2807
2757
2525
2846
2596
2668
2877
2830
2705
2638
4050
2817
2444
2597
2653
3122
3824
2662
2591
2674
2962
2816
2417
2515
2628
2623
2805
2603
2846
2745
2795
2446
2587
2544
3164
2467
2656
2645
2387
2627
2390
2682
2566
2728
2528
2594
5201
2626
2674
2653
2948
2624
2914
2748
2609
2745
2623
2659
2518
2568
2719
2488
2548
2812
2533
2706
2686
2805
3077
2748
2508
2570
2622
2600
2593
2618
2546
2661
2600
2653
2844
2556
2995
2555
2677
2663
2424
2527
2721
2530
2359
2673
2685
3023
2609
2614
2761
2610
2626
2539
2519
3242
2671
3022
2678
2691
2593
2775
2659
2511
2699
2599
2751
2517
2917
2663
2712
2683
2408
2657
2731
4068
2568
2590
2873
4550
2879
2482
2911
2684
2968
2564
2936
2760
2973
2586
2576
2852
2962
2566
2637
2577
2779
2566
2577
2478
2934
2613
2532
2668
2728
2387
2652
2506
2531
2795
2354
2500
2851
2498
2603
2600
2522
2790
2462
2689
2647
2602
2570
2605
2517
2775
2945
2460
2785
2417
2606
3035
2652
2446
2821
2711
2480
2777
2739
2834
2671
2785
2628
2942
2915
2358
2587
2464
2546
2849
3813
2636
2735
2974
2870
2402
2770
2693
2430
2887
2730
3178
2423
2567
2567
2519
2628
2507
2583
2613
2561
2670
2496
2651
3649
2821
2688
2672
2756
3059
2626
2510
4697
2445
3017
2810
2743
2579
2681
2677
2387
2667
3052
2601
2525
2634
2939
2908
2668
2737
2603
2718
3824
2631
2762
2762
2598
2734
2495
2358
2910
2588
2856
2663
2964
2567
2722
2753
2463
2533
2698
2751
2679
2574
2588
2473
2710
2704
2421
3239
2759
2686
2900
2694
2795
2693
2715
2509
2564
3028
2718
2681
2633
2844
2834
2815
2669
3732
2913
2650
2664
2413
2491
2645
2552
2553
2942
3426
2526
2819
2788
2467
2650
2322
2472
3286
2942
2593
2525
2584
2573
2507
2602
5936
2721
2456
2791
2966
2532
2962
2896
2478
2423
2805
2585
2465
2418
2497
2439
2741
2979
2740
2552
2448
2947
2884
2610
3038
2710
2739
2647
2499
2653
3417
2699
2790
2569
2568
2845
3258
2589
2453
2709
2580
2455
2487
2761
2645
2921
2842
2524
2761
2752
2708
2849
2809
2538
2519
2918
2699
2802
2711
2653
2663
2728
2898
2511
2384
2861
2850
2678
2821
2720
3061
2844
2753
2865
2767
2571
2697
2514
2615
2422
3219
2600
2802
2701
2419
2383
2673
2735
2711
2490
2859
2712
2753
2677
2404
2594
2623
3552
2731
2915
2592
2501
2621
2648
2824
2620
2710
2618
2513
3210
2410
2715
2663
2420
2490
2498
3229
2709
2614
2564
2527
2590
2348
2552
2864
2434
2949
2492
2708
2468
2654
2683
2337
2792
2714
2707
2875
2523
2497
2623
2547
2670
2614
2741
2610
2353
3639
2556
2630
2397
2718
2901
2439
2635
2606
2560
2599
2539
2708
2653
2715
2697
2868
3098
2522
2499
2595
2529
2662
2503
2527
2644
2899
2668
2466
2593
2738
2843
2936
2668
2964
2545
2603
2563
2840
2696
2693
3165
2912
2838
2337
2640
2500
2498
2833
2522
2417
3583
2539
2626
2501
2684
2830
2570
2652
2869
2685
2954
2706
2804
2492
2817
2702
2526
2751
2584
2487
2645
2441
2889
2663
2670
2710
2677
2681
2488
2444
2737
2869
2793
2517
2761
2769
2904
2509
2835
2514
2789
2633
2824
2781
2455
2548
2515
2618
2725
2661
2760
2475
2556
2426
2807
2655
2726
2571
2608
2519
2619
2620
2602
2593
2524
2692
2816
2634
2473
2807
2769
2500
2930
2455
2966
22273
6839
4130
3612
2784
2971
2601
2969
2718
2912
2973
2946
4846
2764
2670
2961
2792
2784
2641
3806
3099
2920
3112
2835
2915
2769
2853
2779
3077
2855
2805
2716
2837
3019
2600
3132
2471
3001
3093
2534
3052
2909
2853
3127
2676
2789
2801
2783
2830
2449
3239
2913
2764
2672
2756
2701
2905
2500
2739
2839
3031
2811
3172
2787
2591
2974
2709
2865
3245
2639
2533
2748
2667
3141
2939
2484
2980
2714
2901
2617
2447
2778
2552
2959
2775
2737
2862
2724
2532
2767
2740
2529
2922
3012
2688
2907
2564
2924
2873
2432
2776
2689
2704
3621
2672
3060
2564
2794
3088
2701
2711
3051
2940
2799
2684
2895
2732
3281
2633
2744
2705
2650
3770
3162
2737
2871
2629
2927
2917
3439
2789
3146
2798
2627
2748
2800
2888
2825
2778
3067
2628
2606
2517
2747
2972
2656
2823
2971
3051
2619
2502
3122
3115
3511
2954
2915
3012
2734
2775
2649
2881
2938
2843
2734
2642
2861
2957
3018
2883
2896
2721
2876
2806
2826
2803
2491
2632
3022
2580
2901
2882
2849
3367
3062
3166
2747
2550
2852
2776
2687
3116
2644
2833
2736
2909
2938
2875
2771
2840
3018
3336
3025
2906
2716
2782
2892
3642
2500
2801
3091
2971
3162
2684
2756
2928
2843
2967
2648
2952
2602
2856
3029
2871
2718
2865
2907
2842
2510
2886
2946
3234
2830
2956
2462
2849
2732
2839
3177
2627
2829
2834
2754
21400
6369
4822
3135
2781
2937
2783
2902
2561
2677
3562
2822
2950
2969
2628
2728
2923
2812
2569
2731
2747
3013
2466
2718
2649
3015
2785
2936
2601
3000
2918
2679
2615
2834
2752
2867
2752
2994
2948
2844
2671
2611
2966
2883
2928
3090
2785
3978
2707
2829
2955
2871
2637
2866
2532
2696
3225
3214
3114
2660
2826
2828
2913
2405
3624
2963
3045
2891
3466
2812
2567
2775
2911
2471
2838
2720
2714
2564
4255
2520
2810
3213
2814
2732
3225
2646
2830
2606
2899
2771
2994
2542
2994
2708
2610
2424
2797
2676
2829
2701
2749
2664
2945
2940
2843
3150
2542
3061
2803
2767
2861
6067
3074
2991
2631
2703
2914
2924
2829
2454
2798
2647
2858
2657
2637
2688
2816
3031
3066
3040
3088
3131
2534
2923
2849
2824
4131
2734
2530
2906
2536
3129
2771
2755
2592
2586
2450
3057
2826
2503
2903
2750
2463
2675
2938
2856
3125
2690
3308
3028
2518
2794
2797
2494
2758
2754
2727
2964
2678
2780
3278
3158
2716
3176
2669
2561
2663
2680
2933
2732
2841
2662
2515
2664
2768
2560
2800
2480
2881
2601
2500
2633
2837
2760
3177
3384
3107
