5514
1368
1927
2173
1232
284
886
1344
1172
1571
1046
257
404
961
1211
2066
659
187
936
952
936
1558
1215
917
1562
2149
1478
1015
958
1197
2001
343
1126
1088
878
787
1319
1332
1074
668
1027
390
740
492
961
838
1136
2001
1169
948
187
1718
2210
1356
2176
917
2249
801
728
362
1569
767
934
1017
804
251
672
1146
1357
586
184
336
1485
1028
226
1815
1252
624
468
701
846
1695
806
1147
584
240
1121
1769
638
227
934
880
779
150
1525
332
409
1072
758
742
912
143
881
1066
781
209
785
929
897
1474
173
494
912
478
1158
1497
1016
523
237
383
937
856
1279
701
837
256
1277
769
666
152
761
860
826
672
539
790
238
1221
739
991
867
843
323
662
1538
696
754
666
493
274
581
544
954
992
854
1209
267
1162
1463
695
731
1016
673
308
203
347
859
436
326
859
635
820
438
1086
350
654
753
282
211
676
811
1560
221
606
508
1169
726
240
725
1210
370
811
296
827
187
777
1073
1154
765
262
899
853
1077
1223
990
787
824
498
854
899
456
464
685
534
176
533
369
875
1442
155
578
609
642
747
346
715
736
770
545
825
314
346
289
1052
1677
245
728
567
474
712
411
328
1517
840
797
614
809
776
156
1125
655
928
536
823
748
596
1474
592
588
845
681
523
614
1228
656
1031
771
609
221
547
1545
1058
626
862
406
1357
782
1324
685
557
378
809
559
833
1018
666
860
883
389
827
1200
305
808
871
835
153
394
962
746
158
557
919
589
821
542
1049
1096
633
620
678
165
655
870
536
988
1133
597
257
693
364
347
733
1235
1088
206
645
787
601
465
1235
282
714
1057
591
798
1421
605
604
719
636
567
317
611
1272
583
520
752
289
419
610
593
514
1177
768
822
205
693
613
722
1488
1040
816
235
637
687
1279
548
1000
405
726
798
520
1188
502
633
668
748
175
856
609
1164
387
747
429
638
403
797
207
203
642
762
586
666
589
839
414
1197
578
853
887
444
399
259
232
1159
139
347
596
527
374
218
454
403
532
1123
477
958
720
810
485
405
1242
594
656
562
823
206
684
514
709
1014
317
351
1077
691
1239
884
877
410
1261
894
891
363
1879
1030
615
573
160
1147
1348
753
982
891
1116
1067
439
850
911
1303
495
456
534
2514
920
1802
258
1763
163
849
960
765
919
453
1209
228
848
854
689
614
681
353
982
733
429
746
762
175
302
656
2154
1155
219
1127
1125
306
821
1116
760
430
316
